jails: 
  bedrockrofl: 
    world: world
    x: -287.45418857378303
    y: 84.39814996237676
    z: 658.7691006751157
    yaw: -345.74615
    pitch: 48.599922
