spawns: 
  default: 
    world: spawn
    x: -57.501089793862775
    y: 73.0
    z: 194.63290021554144
    yaw: -0.16105057
    pitch: 0.40261716
