world: spawn
x: -73.8509032588106
y: 71.0
z: 220.55443694298958
yaw: 90.54089
pitch: 4.3081217
name: auc
lastowner: e877d957-bb37-33d0-bba8-f3421e0f42db
