world: spawn
x: -13.653950001907676
y: 70.0
z: 247.50227821267703
yaw: -28.187313
pitch: -1.15678
name: market
lastowner: e1339092-b74e-3ba6-b35c-8f1290f0fd20
