world: spawn
x: 22.90856814175854
y: 68.0
z: 229.53983487482148
yaw: -90.22308
pitch: 1.8185734
name: pvp
lastowner: e877d957-bb37-33d0-bba8-f3421e0f42db
