world: spawn
x: 53.75298628003024
y: 70.0
z: 227.3174833101505
yaw: -278.13647
pitch: 8.985504
name: pvp2
lastowner: e877d957-bb37-33d0-bba8-f3421e0f42db
