world: spawn
x: -13.639637206277259
y: 70.0
z: 247.67909200058202
yaw: -25.892317
pitch: 1.6616694
name: shop
lastowner: e1339092-b74e-3ba6-b35c-8f1290f0fd20
